(0,0,0,0,0,0),(0,0,0,0,0,0),(0,0,0,0,0,0),(0,0,0,0,0,0),(0,0,0,0,0,0),(0,0,0,0,0,0) + (0,0,0,0,0,0),(0,0,0,0,0,0),(0,0,0,0,0,0),(0,0,0,0,0,0),(0,0,0,0,0,0),(0,0,0,0,0,0)
(1,1,1,1,1,1),(1,1,1,1,1,1),(1,1,1,1,1,1),(1,1,1,1,1,1),(1,1,1,1,1,1),(1,1,1,1,1,1) + (1,1,1,1,1,1),(1,1,1,1,1,1),(1,1,1,1,1,1),(1,1,1,1,1,1),(1,1,1,1,1,1),(1,1,1,1,1,1)
(0,0,0,0,0,0,0,0,0,0),(0,0,0,0,0,0,0,0,0,0),(0,0,0,0,0,0,0,0,0,0),(0,0,0,0,0,0,0,0,0,0),(0,0,0,0,0,0,0,0,0,0),(0,0,0,0,0,0,0,0,0,0),(0,0,0,0,0,0,0,0,0,0),(0,0,0,0,0,0,0,0,0,0),(0,0,0,0,0,0,0,0,0,0),(0,0,0,0,0,0,0,0,0,0) + (1,0,0,0,0,0,0,0,0,0),(0,1,0,0,0,0,0,0,0,0),(0,0,1,0,0,0,0,0,0,0),(0,0,0,1,0,0,0,0,0,0),(0,0,0,0,1,0,0,0,0,0),(0,0,0,0,0,1,0,0,0,0),(0,0,0,0,0,0,1,0,0,0),(0,0,0,0,0,0,0,1,0,0),(0,0,0,0,0,0,0,0,1,0),(0,0,0,0,0,0,0,0,0,1)
(1,1,1,1,1,1,1,1,1,1),(1,1,1,1,1,1,1,1,1,1),(1,1,1,1,1,1,1,1,1,1),(1,1,1,1,1,1,1,1,1,1),(1,1,1,1,1,1,1,1,1,1),(1,1,1,1,1,1,1,1,1,1),(1,1,1,1,1,1,1,1,1,1),(1,1,1,1,1,1,1,1,1,1),(1,1,1,1,1,1,1,1,1,1),(1,1,1,1,1,1,1,1,1,1) + (1,1,1,1,1,1,1,1,1,1),(1,1,1,1,1,1,1,1,1,1),(1,1,1,1,1,1,1,1,1,1),(1,1,1,1,1,1,1,1,1,1),(1,1,1,1,1,1,1,1,1,1),(1,1,1,1,1,1,1,1,1,1),(1,1,1,1,1,1,1,1,1,1),(1,1,1,1,1,1,1,1,1,1),(1,1,1,1,1,1,1,1,1,1),(1,1,1,1,1,1,1,1,1,1)
(1,2,3),(4,5,6),(7,8,9) * (1,0,0),(0,1,0),(0,0,1)
(1,2,3),(4,5,6),(7,8,9) * (2,2,2),(2,2,2),(2,2,2)
(1,2,3),(4,5,6) + (1,2),(3,4),(5,6)
(1,2,3),(4,5,6) * (1,2),(3,4),(5,6)
* (10,20),(30,40)
(1,2,3,4,5,6) * (1),(2),(3),(4),(5),(6)
(1,2,3,4,5,6) * (1,2,3,4,5,6)
(11,12,13,14,15,16) - (1,2,3,4,5,6)
(5,5,5,5)
* (1),(2),(3),(4)
(),(),(),()